4.545454729711045e-04
9.090909459422104e-04
6.060606063030305e-04
6.060606063030305e-04
1.818181890914721e-03
1.818181891884417e-03
9.090909454573607e-04
3.030303031515153e-04
3.030303031515153e-04
9.090909454573607e-04
9.090909459422089e-04
9.090909454573614e-04
9.090909459422082e-04
3.030303031515155e-04
3.030303031515155e-04
9.090909454573614e-04
1.818181891884421e-03
9.090909454573603e-04
3.030303031515151e-04
3.030303031515151e-04
9.090909454573603e-04
1.818181891884417e-03
1.818181890914721e-03
4.545454729711041e-04
6.060606063030303e-04
6.060606063030303e-04
1.818181890914721e-03
1.818181891884421e-03
1.818181890914720e-03
6.060606063030301e-04
6.060606063030301e-04
1.818181890914720e-03
1.818181891884417e-03
9.090909454573607e-04
9.090909459422092e-04
3.030303031515153e-04
3.030303031515153e-04
9.090909454573607e-04
9.090909459422083e-04
9.090909454573597e-04
3.030303031515149e-04
3.030303031515149e-04
9.090909454573597e-04
9.090909459422089e-04
1.818181890914720e-03
1.818181891884418e-03
6.060606063030300e-04
6.060606063030300e-04
1.818181890914720e-03
1.818181891884418e-03
1.818181890914719e-03
6.060606063030298e-04
6.060606063030298e-04
1.818181890914719e-03
1.818181891884418e-03
9.090909454573602e-04
1.818181891884418e-03
3.030303031515151e-04
3.030303031515151e-04
9.090909454573602e-04
1.818181891884418e-03
9.090909454573619e-04
3.030303031515157e-04
3.030303031515157e-04
9.090909454573619e-04
1.818181891884418e-03
9.090909454573604e-04
1.818181891884418e-03
3.030303031515152e-04
3.030303031515152e-04
9.090909454573604e-04
9.090909459422091e-04
1.818181890914724e-03
6.060606063030314e-04
6.060606063030314e-04
1.818181890914724e-03
1.818181891884417e-03
1.818181890914723e-03
1.818181891884419e-03
6.060606063030312e-04
6.060606063030312e-04
1.818181890914723e-03
1.818181891884416e-03
9.090909454573623e-04
3.030303031515158e-04
3.030303031515158e-04
9.090909454573623e-04
1.818181891884420e-03
9.090909454573597e-04
1.818181891884418e-03
3.030303031515149e-04
3.030303031515149e-04
9.090909454573597e-04
1.818181891884416e-03
1.818181890914720e-03
6.060606063030300e-04
6.060606063030300e-04
1.818181890914720e-03
1.818181891884420e-03
1.818181890914719e-03
1.818181891884417e-03
6.060606063030298e-04
6.060606063030298e-04
1.818181890914719e-03
1.818181891884416e-03
9.090909454573602e-04
3.030303031515151e-04
3.030303031515151e-04
9.090909454573602e-04
9.090909459422080e-04
9.090909454573619e-04
9.090909459422089e-04
1.818181891884421e-03
3.030303031515157e-04
3.030303031515157e-04
9.090909454573619e-04
4.545454729711048e-04
1.818181890914724e-03
6.060606063030314e-04
6.060606063030314e-04
1.818181890914724e-03
9.090909459422094e-04
1.818181890914723e-03
1.818181891884417e-03
6.060606063030312e-04
6.060606063030312e-04
1.818181890914723e-03
9.090909459422095e-04
4.545454727286805e-04
1.515151515757577e-04
1.515151515757577e-04
4.545454727286805e-04
9.090909459422091e-04
9.090909454573623e-04
1.818181891884421e-03
3.030303031515158e-04
3.030303031515158e-04
9.090909454573623e-04
9.090909459422095e-04
9.090909454573597e-04
3.030303031515149e-04
3.030303031515149e-04
9.090909454573597e-04
9.090909459422099e-04
1.818181890914720e-03
1.818181891884417e-03
6.060606063030300e-04
6.060606063030300e-04
1.818181890914720e-03
9.090909459422092e-04
1.818181890914719e-03
6.060606063030298e-04
6.060606063030298e-04
1.818181890914719e-03
9.090909459422087e-04
9.090909454573602e-04
9.090909459422083e-04
3.030303031515151e-04
3.030303031515151e-04
9.090909454573602e-04
9.090909459422108e-04
4.545454727286799e-04
1.515151515757575e-04
1.515151515757575e-04
4.545454727286799e-04
9.090909459422087e-04
9.090909454573598e-04
9.090909459422089e-04
3.030303031515150e-04
3.030303031515150e-04
9.090909454573598e-04
9.090909459422108e-04
9.090909454573595e-04
3.030303031515149e-04
3.030303031515149e-04
9.090909454573595e-04
9.090909459422087e-04
4.545454727286801e-04
1.818181891884418e-03
1.515151515757575e-04
1.515151515757575e-04
4.545454727286801e-04
4.545454729711043e-04
9.090909454573604e-04
3.030303031515152e-04
3.030303031515152e-04
9.090909454573604e-04
9.090909459422093e-04
1.818181890914721e-03
1.818181891884418e-03
6.060606063030304e-04
6.060606063030304e-04
1.818181890914721e-03
9.090909459422088e-04
1.818181890914721e-03
6.060606063030302e-04
6.060606063030302e-04
1.818181890914721e-03
9.090909459422082e-04
9.090909454573609e-04
1.818181891884418e-03
3.030303031515153e-04
3.030303031515153e-04
9.090909454573609e-04
9.090909459422104e-04
9.090909454573606e-04
3.030303031515152e-04
3.030303031515152e-04
9.090909454573606e-04
9.090909459422082e-04
1.818181891884418e-03
9.090909459422091e-04
1.818181891884417e-03
1.818181891884416e-03
1.818181891884420e-03
1.818181891884416e-03
1.818181891884420e-03
1.818181891884416e-03
9.090909459422080e-04
4.545454729711048e-04
9.090909459422094e-04
9.090909459422095e-04
9.090909459422091e-04
9.090909459422095e-04
9.090909459422099e-04
9.090909459422092e-04
9.090909459422087e-04
9.090909459422108e-04
9.090909459422087e-04
9.090909459422108e-04
9.090909459422087e-04
4.545454729711043e-04
4.545454727286803e-04
9.090909459422093e-04
1.515151515757576e-04
1.515151515757576e-04
4.545454727286803e-04
4.545454729711045e-04
1.818181890914721e-03
6.060606063030305e-04
6.060606063030305e-04
1.818181890914721e-03
9.090909459422104e-04
1.818181890914721e-03
9.090909459422088e-04
6.060606063030303e-04
6.060606063030303e-04
1.818181890914721e-03
9.090909459422082e-04
9.090909454573610e-04
3.030303031515154e-04
3.030303031515154e-04
9.090909454573610e-04
4.545454729711041e-04
9.090909454573606e-04
9.090909459422082e-04
3.030303031515152e-04
3.030303031515152e-04
9.090909454573606e-04
9.090909459422092e-04
1.818181890914721e-03
6.060606063030305e-04
6.060606063030305e-04
1.818181890914721e-03
1.818181891884418e-03
1.818181890914721e-03
9.090909459422104e-04
6.060606063030303e-04
6.060606063030303e-04
1.818181890914721e-03
1.818181891884418e-03
9.090909454573610e-04
3.030303031515154e-04
3.030303031515154e-04
9.090909454573610e-04
1.818181891884418e-03
9.090909454573608e-04
9.090909459422082e-04
3.030303031515153e-04
3.030303031515153e-04
9.090909454573608e-04
1.818181891884419e-03
1.818181890914722e-03
6.060606063030307e-04
6.060606063030307e-04
1.818181890914722e-03
1.818181891884418e-03
1.818181890914721e-03