1.010723767467425e-02
2.018248460080941e-02
1.341116321418667e-02
1.370137973935926e-02
0.000000000000000e+00
4.022735579928850e-02
6.524838873883713e-02
6.602973900044161e-03
6.804090549849208e-03
0.000000000000000e+00
2.016420877771452e-02
6.594991603924429e-02
2.031636064566555e-02
6.621844009714549e-03
6.857029195089125e-03
0.000000000000000e+00
4.021899469080383e-02
6.484696528059430e-02
6.655991111983896e-03
6.797926891522366e-03
0.000000000000000e+00
3.982966486364604e-02
1.275508952967357e-01
9.665809664511473e-03
1.324700877194118e-02
1.343228436053323e-02
0.000000000000000e+00
4.039278261916478e-02
1.308820331178140e-01
1.356754720836762e-02
1.377301323009306e-02
0.000000000000000e+00
4.016965641494610e-02
6.500500119000210e-02
2.026900466808002e-02
6.652467294770760e-03
6.795869652705734e-03
0.000000000000000e+00
2.056528573666583e-02
6.509242860192901e-02
6.604659256481682e-03
6.877269588585478e-03
0.000000000000000e+00
2.067559499482741e-02
1.291412206774112e-01
3.972759100724944e-02
1.343223681760719e-02
1.333598012024595e-02
0.000000000000000e+00
4.032147145335329e-02
1.304042186529842e-01
1.369759403314674e-02
1.353341783396900e-02
0.000000000000000e+00
4.028037824900822e-02
6.550039525609465e-02
4.028779172222131e-02
6.721563685459842e-03
6.745419355866035e-03
0.000000000000000e+00
4.125125637074235e-02
6.587778616813013e-02
6.588813763301004e-03
6.651973331827322e-03
0.000000000000000e+00
3.993988709407859e-02
6.484329722297845e-02
4.054882333730347e-02
6.701232235172938e-03
6.772235177777476e-03
0.000000000000000e+00
1.988962339964929e-02
1.303232119535097e-01
1.333056667317578e-02
1.376825893748902e-02
0.000000000000000e+00
3.975978482048958e-02
1.296551484265365e-01
4.137918390915730e-02
1.347051451375592e-02
1.325832076508959e-02
0.000000000000000e+00
4.125712913082680e-02
6.496236404927914e-02
6.800204922910780e-03
6.552538510732121e-03
0.000000000000000e+00
4.009301721816882e-02
6.512565385492054e-02
4.010677404585296e-02
6.744572850038823e-03
6.685304952043225e-03
0.000000000000000e+00
4.119663518940798e-02
1.311372886702884e-01
1.347840099879250e-02
1.329831645307422e-02
0.000000000000000e+00
4.050776881194906e-02
1.304098142136355e-01
4.042934071185302e-02
1.377710192173254e-02
1.344627970865986e-02
0.000000000000000e+00
4.028429127356504e-02
6.499597609217746e-02
6.745012017745470e-03
6.511071006571001e-03
0.000000000000000e+00
2.029200255128672e-02
6.467921449802816e-02
1.992395261549973e-02
4.117314092582094e-02
6.781535057598378e-03
6.696214844851057e-03
0.000000000000000e+00
1.030855215140036e-02
1.300675309321378e-01
1.359847106141388e-02
1.332879308029078e-02
0.000000000000000e+00
2.003721275832504e-02
1.308521342580207e-01
4.002725971076872e-02
1.376305338999373e-02
1.346332344473922e-02
0.000000000000000e+00
2.027170252767974e-02
3.243600496352884e-02
3.365179764841742e-03
3.349011543832603e-03
0.000000000000000e+00
2.025673375828774e-02
6.458712626772471e-02
4.095659015001731e-02
6.610637577978197e-03
6.681375811240287e-03
0.000000000000000e+00
1.999581979180221e-02
6.504738691728564e-02
6.798791528126458e-03
6.739586886396864e-03
0.000000000000000e+00
2.003076303662966e-02
1.283324687683489e-01
4.088824437349105e-02
1.318627631007985e-02
1.366579023306258e-02
0.000000000000000e+00
1.974890439669253e-02
1.291130752651952e-01
1.352123717515496e-02
1.331767931696959e-02
0.000000000000000e+00
2.021372755552875e-02
6.514417464495638e-02
2.024350393185159e-02
6.679735177385736e-03
6.809185701058597e-03
0.000000000000000e+00
2.001587968334206e-02
3.225993819796714e-02
3.362813698458922e-03
3.352187048676570e-03
0.000000000000000e+00
2.047546022731694e-02
6.546825946134051e-02
1.956135641739820e-02
6.713424578265405e-03
6.863514372525970e-03
0.000000000000000e+00
1.978474209317937e-02
6.590622811927462e-02
6.798985728892148e-03
6.622429029448538e-03
0.000000000000000e+00
2.010915245773505e-02
3.244032089423854e-02
3.900867427728373e-02
3.340798301906034e-03
3.410169474591385e-03
0.000000000000000e+00
1.026050559266878e-02
6.478512402100024e-02
6.582836247616798e-03
6.707952709803066e-03
0.000000000000000e+00
1.999076090214658e-02
1.286785296979361e-01
4.049227465293372e-02
1.361527224798920e-02
1.339879641273001e-02
0.000000000000000e+00
1.977107229322428e-02
1.313945039582904e-01
1.359466279245680e-02
1.354176443783217e-02
0.000000000000000e+00
2.021857048748643e-02
6.527706276392566e-02
4.027161101112144e-02
6.738316926202971e-03
6.800213786846144e-03
0.000000000000000e+00
2.003491619325360e-02
6.533620938716922e-02
6.623301724175691e-03
6.688077349281229e-03
0.000000000000000e+00
2.066420725532226e-02
4.011280152190012e-02
2.030043457125430e-02
4.080436898220796e-02
4.053368373570266e-02
4.106973586749518e-02
3.992380952695385e-02
4.060984589159489e-02
4.058585202437825e-02
1.997441902858555e-02
1.009035107199452e-02
2.034764389100019e-02
2.036374724411871e-02
2.037898998969468e-02
2.008198207840906e-02
2.034082349564415e-02
2.019501014729030e-02
1.976096257203608e-02
2.025345249057863e-02
2.058646409568610e-02
2.057759049057496e-02
2.051772991762846e-02
1.008450168046693e-02
3.232722997199744e-02
2.029628947275342e-02
3.403486470233474e-03
3.341788040870596e-03
0.000000000000000e+00
1.007206719077658e-02
1.301340587961022e-01
1.351312425686047e-02
1.365098262613174e-02
0.000000000000000e+00
2.051278867656948e-02
1.276701941969805e-01
1.984314898072626e-02
1.332672778335109e-02
1.361046316014836e-02
0.000000000000000e+00
2.028906778286910e-02
6.433784017281143e-02
6.807665939049912e-03
6.739469640706377e-03
0.000000000000000e+00
9.998456236644415e-03
6.478846975369382e-02
2.050291747582379e-02
6.937861033293303e-03
6.630716406107240e-03
0.000000000000000e+00
1.990735771687469e-02
1.283470894268248e-01
1.339418797215331e-02
1.330239869821526e-02
0.000000000000000e+00
4.111887107865187e-02
1.294366250222083e-01
2.028543195774546e-02
1.351918960608601e-02
1.356048345769523e-02
0.000000000000000e+00
4.065960963635008e-02
6.466656646807682e-02
6.667714472314404e-03
6.662187002802968e-03
0.000000000000000e+00
4.116521495598136e-02
6.542534512118436e-02
2.039097403030610e-02
6.787011358028396e-03
6.742919323187380e-03
0.000000000000000e+00
4.180795986030716e-02
1.300763239560183e-01
1.343788395024604e-02
1.342403284252214e-02
0.000000000000000e+00
4.039653770450968e-02
1.310574681265280e-01
