6.835314565080334e-03
1.365837931256360e-02
9.149965774414183e-03
9.092608771637378e-03
0.000000000000000e+00
2.721991905914984e-02
4.395734664222528e-02
4.600330230732585e-03
4.508105494642031e-03
0.000000000000000e+00
1.375983962761174e-02
4.405201761293204e-02
1.354046058207690e-02
4.567669781972842e-03
4.547932397845053e-03
0.000000000000000e+00
2.742382791740680e-02
4.395117290500026e-02
4.485843148072959e-03
4.560362688371112e-03
0.000000000000000e+00
2.753153975676563e-02
8.807775683840127e-02
6.825584510999136e-03
9.104628421381039e-03
9.123554162131443e-03
0.000000000000000e+00
2.747590392284576e-02
8.770805171873726e-02
9.021133500465857e-03
9.055918475714877e-03
0.000000000000000e+00
2.731361399842909e-02
4.379415917491052e-02
1.376410856573817e-02
4.499156273671619e-03
4.536794317500110e-03
0.000000000000000e+00
1.372377608196203e-02
4.399117594376391e-02
4.556158639885797e-03
4.540851361588097e-03
0.000000000000000e+00
1.375424693566842e-02
8.806999256016552e-02
2.751407237334282e-02
9.101493486403277e-03
9.096322348239844e-03
0.000000000000000e+00
2.719827227069475e-02
8.806217621123073e-02
9.069687255276959e-03
9.054521042706383e-03
0.000000000000000e+00
2.739887615676120e-02
4.406510015181293e-02
2.740950241621944e-02
4.579910377138870e-03
4.556344710832517e-03
0.000000000000000e+00
2.746829005915723e-02
4.394377583262341e-02
4.567776886116038e-03
4.505546168779436e-03
0.000000000000000e+00
2.760223419593890e-02
4.418260435493292e-02
2.743556364461478e-02
4.543555926453344e-03
4.562280589117412e-03
0.000000000000000e+00
1.369798030339996e-02
8.785928104375540e-02
9.159708901731086e-03
9.123146989473932e-03
0.000000000000000e+00
2.711683987863857e-02
8.768198445009712e-02
2.757015074121526e-02
9.130390702322759e-03
9.148448041385480e-03
0.000000000000000e+00
2.734119150836476e-02
4.409725741772114e-02
4.547086760558685e-03
4.558206712792043e-03
0.000000000000000e+00
2.766100287340423e-02
4.400462586576280e-02
2.751233174136175e-02
4.543907138142096e-03
4.520743479222493e-03
0.000000000000000e+00
2.721842097462806e-02
8.816795879805109e-02
9.151415707045280e-03
9.159618873572153e-03
0.000000000000000e+00
2.745310698334657e-02
8.772362450856594e-02
2.721826283869855e-02
9.262425420695919e-03
9.072235618850184e-03
0.000000000000000e+00
2.742913905590544e-02
4.388815167163823e-02
4.580691023426648e-03
4.576867226953218e-03
0.000000000000000e+00
1.381953980280828e-02
4.398139213506034e-02
1.381377754856906e-02
2.748762240302966e-02
4.540569956694589e-03
4.503882724006168e-03
0.000000000000000e+00
6.811212265715767e-03
8.799536128723298e-02
9.045289891146299e-03
9.135405588226300e-03
0.000000000000000e+00
1.367357185352404e-02
8.763395404705528e-02
2.741201666337298e-02
9.150338035391323e-03
9.079350763338814e-03
0.000000000000000e+00
1.373106054523360e-02
2.197903551705108e-02
2.285685316671743e-03
2.284298544024474e-03
0.000000000000000e+00
1.380567270568967e-02
4.393920762704628e-02
2.778302609887576e-02
4.514406279329043e-03
4.507639155364944e-03
0.000000000000000e+00
1.367165126200374e-02
4.390830909928929e-02
4.554283144494610e-03
4.535566750643104e-03
0.000000000000000e+00
1.364827387747366e-02
8.788570266989111e-02
2.739479928530240e-02
9.034848514967940e-03
9.029348607072595e-03
0.000000000000000e+00
1.379000796760820e-02
8.792211734361569e-02
9.009394131655062e-03
9.104113454828849e-03
0.000000000000000e+00
1.380035483672344e-02
4.408910528942053e-02
1.366279897343914e-02
4.544754576784975e-03
4.537492758370793e-03
0.000000000000000e+00
1.382826979459583e-02
2.193174893516808e-02
2.258891751993581e-03
2.249520721855115e-03
0.000000000000000e+00
1.382541368496234e-02
4.422235277910568e-02
1.370913989036621e-02
4.531140701028023e-03
4.554805619484949e-03
0.000000000000000e+00
1.368144045154025e-02
4.394969062397531e-02
4.538737678504578e-03
4.550247849563554e-03
0.000000000000000e+00
1.375672941748786e-02
2.209356786555918e-02
2.742507877992963e-02
2.274646770043438e-03
2.289608902311175e-03
0.000000000000000e+00
6.881544843195157e-03
4.396502368111401e-02
4.543790526541472e-03
4.542825526612192e-03
0.000000000000000e+00
1.376455927098454e-02
8.756164451908180e-02
2.745227365755909e-02
9.099749434981586e-03
9.054732291157584e-03
0.000000000000000e+00
1.367386896889689e-02
8.775606684843243e-02
9.102817009358317e-03
9.061852824907212e-03
0.000000000000000e+00
1.367350940928008e-02
4.380779689401365e-02
2.754678961689622e-02
4.565290288393576e-03
4.548872118713253e-03
0.000000000000000e+00
1.361826373229064e-02
4.392418751562906e-02
4.537541673228640e-03
4.522912558161729e-03
0.000000000000000e+00
1.374752224575683e-02
2.727883745814150e-02
1.364912229746627e-02
2.758177435034389e-02
2.726223345509530e-02
2.725976733648602e-02
2.748564031447439e-02
2.729473184756913e-02
2.731529762032303e-02
1.368334116865346e-02
6.906805410665726e-03
1.380191537583632e-02
1.353918488324288e-02
1.380239425689503e-02
1.386925114289043e-02
1.359811532784098e-02
1.368261887831797e-02
1.368433899938639e-02
1.376862380036029e-02
1.378781444695758e-02
1.367541037492585e-02
1.370632625283250e-02
6.916112380270037e-03
2.207846120206850e-02
1.366429395179292e-02
2.271267176052026e-03
2.257891502210667e-03
0.000000000000000e+00
6.852057869312539e-03
8.823719031204121e-02
9.069149934779882e-03
9.100739064514723e-03
0.000000000000000e+00
1.363607816772155e-02
8.805188096596160e-02
1.368456467450318e-02
9.135315606977145e-03
9.079592510386536e-03
0.000000000000000e+00
1.373354165350033e-02
4.415395171593564e-02
4.578400924681659e-03
4.536451604572661e-03
0.000000000000000e+00
6.792923555015270e-03
4.407900273293498e-02
1.365326359642424e-02
4.514049455019227e-03
4.588531977768135e-03
0.000000000000000e+00
1.364639773818437e-02
8.834395776756761e-02
9.043448265175339e-03
9.027159903175977e-03
0.000000000000000e+00
2.742944138157690e-02
8.812090748604627e-02
1.375349819015756e-02
9.107029483950728e-03
9.157526359651329e-03
0.000000000000000e+00
2.734058991540704e-02
4.403374074373545e-02
4.526521087946252e-03
4.564434210890528e-03
0.000000000000000e+00
2.755382458396859e-02
4.392263024773996e-02
1.376212386827226e-02
4.561710309478742e-03
4.559746162312613e-03
0.000000000000000e+00
2.788865496911977e-02
8.796874448874926e-02
9.142925396535431e-03
9.099484457027325e-03
0.000000000000000e+00
2.736430790504247e-02
8.793606163961132e-02
