5.019080479536461e-02
1.003554890976894e-01
0.000000000000000e+00
0.000000000000000e+00
2.913018844963517e-01
2.019201927445827e-01
1.068010790509798e-02
0.000000000000000e+00
0.000000000000000e+00
1.459079889486020e-01
1.002107600479149e-01
1.067165654371879e-02
1.001365860053218e-01
0.000000000000000e+00
0.000000000000000e+00
1.453693378556637e-01
1.994836453871364e-01
1.058712132403725e-02
0.000000000000000e+00
0.000000000000000e+00
1.457207268795174e-01
1.995807916624742e-01
2.123317408656030e-02
5.019961669018111e-02
0.000000000000000e+00
0.000000000000000e+00
2.930219977570232e-01
2.000735424267227e-01
2.136465407722730e-02
0.000000000000000e+00
0.000000000000000e+00
2.912683317583288e-01
2.018153416590807e-01
1.063548907745150e-02
1.006602791589637e-01
0.000000000000000e+00
0.000000000000000e+00
1.449805849842960e-01
1.000387603916732e-01
1.063066289388587e-02
0.000000000000000e+00
0.000000000000000e+00
1.456007091946958e-01
1.002344174258384e-01
2.123187513730667e-02
1.999522281422756e-01
0.000000000000000e+00
0.000000000000000e+00
2.900219299990568e-01
1.996769546947622e-01
2.128934787057911e-02
0.000000000000000e+00
0.000000000000000e+00
2.923580401227810e-01
2.008109658047673e-01
1.073459097428700e-02
2.002123042528821e-01
0.000000000000000e+00
0.000000000000000e+00
1.457848010039015e-01
2.000478066227281e-01
1.068036281071788e-02
0.000000000000000e+00
0.000000000000000e+00
1.446968994314375e-01
2.009893399650181e-01
1.061645645157137e-02
2.005753568106727e-01
0.000000000000000e+00
0.000000000000000e+00
1.455475078400923e-01
1.001146113402701e-01
2.139547175059521e-02
0.000000000000000e+00
0.000000000000000e+00
2.905042863203562e-01
2.005240137161539e-01
2.129285350971060e-02
2.004766537561138e-01
0.000000000000000e+00
0.000000000000000e+00
2.919715846554027e-01
2.007215023630919e-01
1.065243346285020e-02
0.000000000000000e+00
0.000000000000000e+00
1.451092839401099e-01
2.009154329927905e-01
1.055942096193624e-02
2.005830479061698e-01
0.000000000000000e+00
0.000000000000000e+00
1.455825949720748e-01
2.003805479790165e-01
2.148369517540126e-02
0.000000000000000e+00
0.000000000000000e+00
2.922468583798036e-01
1.994638281460264e-01
2.128036690276658e-02
2.010911372214798e-01
0.000000000000000e+00
0.000000000000000e+00
2.904576161148725e-01
2.003513093425063e-01
1.063079067564834e-02
0.000000000000000e+00
0.000000000000000e+00
1.462213392871490e-01
9.978976637799099e-02
1.063890586480929e-02
1.006714763399039e-01
2.008856313513831e-01
0.000000000000000e+00
0.000000000000000e+00
1.457706047811371e-01
5.011613181610186e-02
2.137849915818294e-02
0.000000000000000e+00
0.000000000000000e+00
2.932439051117399e-01
1.002907398133327e-01
2.120356244668451e-02
2.012952624235861e-01
0.000000000000000e+00
0.000000000000000e+00
2.910519176817616e-01
1.000625953714764e-01
5.312153382716457e-03
0.000000000000000e+00
0.000000000000000e+00
7.289501439008746e-02
1.002404208061280e-01
1.063734792083555e-02
2.007017843843850e-01
0.000000000000000e+00
0.000000000000000e+00
1.456011352784117e-01
1.002702647912899e-01
1.058758928529975e-02
0.000000000000000e+00
0.000000000000000e+00
1.454794058699918e-01
1.004666657257597e-01
2.138538663378109e-02
2.000745673217332e-01
0.000000000000000e+00
0.000000000000000e+00
2.918105673728860e-01
1.004374931284472e-01
2.126860181721863e-02
0.000000000000000e+00
0.000000000000000e+00
2.921234162626206e-01
1.000725756532654e-01
1.071577065473793e-02
9.997238036253130e-02
0.000000000000000e+00
0.000000000000000e+00
1.454468786883809e-01
1.001346782393968e-01
5.327232402582701e-03
0.000000000000000e+00
0.000000000000000e+00
7.298787724248541e-02
9.969336349067288e-02
1.067302260938379e-02
1.000863162552583e-01
0.000000000000000e+00
0.000000000000000e+00
1.451276410058199e-01
1.000634358812465e-01
1.061951988254625e-02
0.000000000000000e+00
0.000000000000000e+00
1.455184031205136e-01
9.984546053043998e-02
5.332191606110787e-03
1.997434412406481e-01
0.000000000000000e+00
0.000000000000000e+00
7.285634396794194e-02
4.983996240955058e-02
1.057813749152695e-02
0.000000000000000e+00
0.000000000000000e+00
1.456396965935710e-01
9.974141556549287e-02
2.128368422936353e-02
2.004644334283367e-01
0.000000000000000e+00
0.000000000000000e+00
2.921783076672000e-01
1.005942157430696e-01
2.129247039294053e-02
0.000000000000000e+00
0.000000000000000e+00
2.907614093710436e-01
1.005719404219413e-01
1.063928650961412e-02
1.997867488494364e-01
0.000000000000000e+00
0.000000000000000e+00
1.456686175799405e-01
1.006343604344989e-01
1.067153166783343e-02
0.000000000000000e+00
0.000000000000000e+00
1.456822665437358e-01
1.003347951081014e-01
1.998981237840372e-01
1.005519180576155e-01
2.004606031716309e-01
2.005166306474797e-01
2.001960780692008e-01
2.000353630673679e-01
2.006097556583111e-01
2.003062267535802e-01
9.991389915144393e-02
5.012138952579386e-02
1.001269221403103e-01
1.004844641441205e-01
1.003106733017926e-01
1.000540140098703e-01
1.007510986167218e-01
1.001791740712721e-01
9.995991579164208e-02
1.002685491802835e-01
9.995151674870517e-02
9.952031845685157e-02
1.007141200565511e-01
5.014097527965613e-02
5.307807904650142e-03
1.002062591312207e-01
0.000000000000000e+00
0.000000000000000e+00
7.294973486859818e-02
5.011933094376944e-02
2.118890296070236e-02
0.000000000000000e+00
0.000000000000000e+00
2.910890583894797e-01
1.001699055272983e-01
2.110789746589543e-02
1.000539295910704e-01
0.000000000000000e+00
0.000000000000000e+00
2.914207278648974e-01
9.961570559242081e-02
1.061515539851183e-02
0.000000000000000e+00
0.000000000000000e+00
1.459195941883081e-01
5.032288999615894e-02
1.063691086453630e-02
1.005363985818731e-01
0.000000000000000e+00
0.000000000000000e+00
1.453501241892809e-01
9.978175840707897e-02
2.116270148588929e-02
0.000000000000000e+00
0.000000000000000e+00
2.917245881122654e-01
2.003958942768923e-01
2.141490782986132e-02
1.000999108674288e-01
0.000000000000000e+00
0.000000000000000e+00
2.927798817196163e-01
2.007631736550438e-01
1.064318338447971e-02
0.000000000000000e+00
0.000000000000000e+00
1.459241796372226e-01
2.001808357248075e-01
1.062179730284603e-02
9.986408017963305e-02
0.000000000000000e+00
0.000000000000000e+00
1.457209140608029e-01
2.002390127877001e-01
2.127186703893686e-02
0.000000000000000e+00
0.000000000000000e+00
2.901305128776586e-01
2.003011934979174e-01
2.142074288666090e-02
