1.003668800149171e-02
2.018211715039797e-02
1.333822189008061e-02
1.344111042271834e-02
0.000000000000000e+00
4.020912187843351e-02
6.479363984544764e-02
6.904973415657879e-03
6.612934545955796e-03
0.000000000000000e+00
2.034787757656887e-02
6.492603158403654e-02
2.003988483193098e-02
6.890174672662397e-03
6.745912512997165e-03
0.000000000000000e+00
3.942038957029582e-02
6.460292663541624e-02
6.785083854992991e-03
6.540429972119456e-03
0.000000000000000e+00
4.115360481227982e-02
1.299844613531605e-01
1.018968033167767e-02
1.354547278606333e-02
1.349175330869912e-02
0.000000000000000e+00
4.102173201681580e-02
1.280746346164960e-01
1.341986679290130e-02
1.346548141009407e-02
0.000000000000000e+00
4.115609316068004e-02
6.513919794815594e-02
2.029598648732645e-02
6.733464324497618e-03
6.833328643551796e-03
0.000000000000000e+00
2.059820478098118e-02
6.511545549437872e-02
6.735200447110400e-03
6.693464607451461e-03
0.000000000000000e+00
1.997505078543327e-02
1.296584103547502e-01
3.978440077480627e-02
1.376405904375133e-02
1.369048515698523e-02
0.000000000000000e+00
4.102159664034844e-02
1.299397097609472e-01
1.345651755400468e-02
1.324662842853286e-02
0.000000000000000e+00
3.945861085958313e-02
6.515037617646161e-02
3.971961346542231e-02
6.682391940557864e-03
6.754958964847901e-03
0.000000000000000e+00
4.057602756074631e-02
6.500681910256391e-02
6.881359086037265e-03
6.736702481248359e-03
0.000000000000000e+00
4.074083551677177e-02
6.449325235735161e-02
4.013646661769600e-02
6.808405674746610e-03
6.785396510167631e-03
0.000000000000000e+00
2.010053671256174e-02
1.294430586276576e-01
1.349590001882462e-02
1.358420173710329e-02
0.000000000000000e+00
4.114851207850735e-02
1.294573182822205e-01
4.061242771422258e-02
1.344783895547152e-02
1.357537003423204e-02
0.000000000000000e+00
3.948407130519627e-02
6.479770113946873e-02
6.817014973421466e-03
6.567519770214859e-03
0.000000000000000e+00
4.064535320503637e-02
6.539609091123569e-02
3.907530528522330e-02
6.670698798188824e-03
6.742214237419830e-03
0.000000000000000e+00
4.024959621892778e-02
1.319224077160471e-01
1.366517781571020e-02
1.340005750898854e-02
0.000000000000000e+00
4.148053253447870e-02
1.304064878204372e-01
4.066906020307216e-02
1.358155544949114e-02
1.352504060923821e-02
0.000000000000000e+00
4.081214668258327e-02
6.525085774774199e-02
6.847936409030807e-03
6.652159877376108e-03
0.000000000000000e+00
2.058025450605783e-02
6.441458573681304e-02
2.002854544116417e-02
4.058820499631112e-02
6.660654347797392e-03
6.565462934304379e-03
0.000000000000000e+00
1.005372851432185e-02
1.295123198069632e-01
1.346983279654524e-02
1.326140057972225e-02
0.000000000000000e+00
2.034547142102383e-02
1.286379554367159e-01
4.062588155647973e-02
1.348314401002427e-02
1.328604634909425e-02
0.000000000000000e+00
2.067770944631775e-02
3.281774081551703e-02
3.405191166166333e-03
3.262611139689398e-03
0.000000000000000e+00
1.961241913159029e-02
6.460996621171947e-02
4.058802771760384e-02
6.740692460880384e-03
6.756078238140615e-03
0.000000000000000e+00
2.014902243899996e-02
6.505597365321593e-02
6.714818230648235e-03
6.585988182450820e-03
0.000000000000000e+00
1.994933247988229e-02
1.298666322545615e-01
3.975690323568414e-02
1.348436078660598e-02
1.319984538349673e-02
0.000000000000000e+00
2.004465362915653e-02
1.313523954304401e-01
1.332587362230697e-02
1.319180337668513e-02
0.000000000000000e+00
1.988118493318325e-02
6.446998049796096e-02
1.991456973701134e-02
6.811134155213950e-03
6.700579527205263e-03
0.000000000000000e+00
2.034604999425938e-02
3.199196370405845e-02
3.364198084000237e-03
3.338986432936509e-03
0.000000000000000e+00
1.997826114165946e-02
6.505056504101960e-02
2.003227151726606e-02
6.832669489085673e-03
6.819944101152943e-03
0.000000000000000e+00
2.022165191374370e-02
6.538459680450619e-02
6.845703503131517e-03
6.844655947134017e-03
0.000000000000000e+00
2.043737109124778e-02
3.242895249422872e-02
3.994992429215927e-02
3.359347899731802e-03
3.421723614337681e-03
0.000000000000000e+00
1.018589946033899e-02
6.408399640349671e-02
6.864063130706199e-03
6.848498866020238e-03
0.000000000000000e+00
1.984287178129307e-02
1.291857659816742e-01
3.971187766728691e-02
1.336016013010521e-02
1.331055029550044e-02
0.000000000000000e+00
2.037996018771082e-02
1.299722774710972e-01
1.360939142978168e-02
1.350172604179534e-02
0.000000000000000e+00
1.981370459907339e-02
6.426914628536907e-02
4.031976635451430e-02
6.761426011507866e-03
6.835998299720814e-03
0.000000000000000e+00
1.976660486980109e-02
6.548500746430366e-02
6.780093459383351e-03
6.710409631523361e-03
0.000000000000000e+00
2.006517444533529e-02
4.070577945822151e-02
2.001620684313821e-02
3.927578494040062e-02
4.075312254281016e-02
4.001989136304474e-02
4.039837495656685e-02
4.014511459536153e-02
4.026491632248509e-02
2.009134400577750e-02
1.018792366085109e-02
2.031800127952010e-02
2.026084178942256e-02
2.054114198836033e-02
1.967242958562566e-02
2.000789569501649e-02
2.007309074542718e-02
2.023901233405923e-02
2.031019134665258e-02
1.986692850186956e-02
2.063519156581606e-02
2.002025040928856e-02
1.018410894539556e-02
3.267741988383932e-02
2.013796024766634e-02
3.363262535913237e-03
3.343197406593390e-03
0.000000000000000e+00
1.016583876298683e-02
1.308425805473235e-01
1.338066483003786e-02
1.362071631592699e-02
0.000000000000000e+00
2.024412440732704e-02
1.297867214598228e-01
1.993169002525974e-02
1.333594949937833e-02
1.396349275455577e-02
0.000000000000000e+00
1.974052233708790e-02
6.525038070685697e-02
6.783771992559196e-03
6.715805350722805e-03
0.000000000000000e+00
1.029279852082255e-02
6.427639859612101e-02
1.990393301457516e-02
6.882143947223087e-03
6.654465709289071e-03
0.000000000000000e+00
2.003759310173337e-02
1.288728013751097e-01
1.343990976238274e-02
1.325826113497897e-02
0.000000000000000e+00
3.979210756369868e-02
1.295414321939461e-01
2.002664855899638e-02
1.331828689944814e-02
1.324087009379582e-02
0.000000000000000e+00
4.091205129225273e-02
6.455533213738819e-02
6.729397389790395e-03
6.773456789233024e-03
0.000000000000000e+00
3.944257197144907e-02
6.428675167262554e-02
2.028806051748689e-02
6.705501428768912e-03
6.699255980493035e-03
0.000000000000000e+00
4.182084963395029e-02
1.290739708056208e-01
1.346143864975602e-02
1.314933948560792e-02
0.000000000000000e+00
4.097840510075913e-02
1.299506043433212e-01
