0.000000000000000e+00
2.838488968458968e+02
5.676977936917935e+02
8.515466905376906e+02
1.135395587383587e+03
1.419244484229484e+03
1.703093381075381e+03
1.765927779926736e+03
1.986942277921278e+03
2.270791174767174e+03
2.554640071613072e+03
2.838488968458968e+03
3.122337865304865e+03
3.406186762150762e+03
3.690035658996658e+03
3.911050156993148e+03
3.973884555842556e+03
4.257733452688452e+03
4.541582349534348e+03
4.825431246380246e+03
5.109280143226143e+03
5.393129040072040e+03
5.676977936917937e+03