4.950070751697842e-02
9.967822481889786e-02
0.000000000000000e+00
0.000000000000000e+00
2.910749902381213e-01
1.997814538318521e-01
1.073261795794289e-02
0.000000000000000e+00
0.000000000000000e+00
1.456250427618216e-01
9.972389376851813e-02
1.063970439446287e-02
9.982065171414037e-02
0.000000000000000e+00
0.000000000000000e+00
1.454485982932965e-01
2.004153685771646e-01
1.062921447628326e-02
0.000000000000000e+00
0.000000000000000e+00
1.457166881969897e-01
1.995729500842844e-01
2.119507768778711e-02
5.003739171918039e-02
0.000000000000000e+00
0.000000000000000e+00
2.891181507759029e-01
2.004512224232003e-01
2.128164805112991e-02
0.000000000000000e+00
0.000000000000000e+00
2.902963722444838e-01
1.993971815373074e-01
1.054559889495618e-02
9.996738489058679e-02
0.000000000000000e+00
0.000000000000000e+00
1.458820081861632e-01
1.002809050002978e-01
1.065983436818221e-02
0.000000000000000e+00
0.000000000000000e+00
1.460557597070874e-01
1.000041736729951e-01
2.117051787890689e-02
2.007798752748271e-01
0.000000000000000e+00
0.000000000000000e+00
2.918855078634807e-01
2.007543681787491e-01
2.128592349156776e-02
0.000000000000000e+00
0.000000000000000e+00
2.906091955199372e-01
2.021012268147153e-01
1.063159032928834e-02
1.998738843888978e-01
0.000000000000000e+00
0.000000000000000e+00
1.458250888201292e-01
2.010872149943628e-01
1.062430582878424e-02
0.000000000000000e+00
0.000000000000000e+00
1.460001176070364e-01
2.001482100904957e-01
1.066140548903867e-02
1.999383397218851e-01
0.000000000000000e+00
0.000000000000000e+00
1.453756084287307e-01
1.003115357824957e-01
2.119766817039808e-02
0.000000000000000e+00
0.000000000000000e+00
2.920879660974606e-01
2.016908643589070e-01
2.129002305767173e-02
1.998410335268326e-01
0.000000000000000e+00
0.000000000000000e+00
2.920008026689175e-01
2.004648256798686e-01
1.065220084049309e-02
0.000000000000000e+00
0.000000000000000e+00
1.459969158218883e-01
2.003160484872755e-01
1.068848049442608e-02
2.006385987217868e-01
0.000000000000000e+00
0.000000000000000e+00
1.461317400389817e-01
2.001304160306434e-01
2.109010274728969e-02
0.000000000000000e+00
0.000000000000000e+00
2.923409238719615e-01
2.002238981861140e-01
2.116483770744709e-02
1.998843235338847e-01
0.000000000000000e+00
0.000000000000000e+00
2.919054288780900e-01
1.998754555390406e-01
1.061251540345301e-02
0.000000000000000e+00
0.000000000000000e+00
1.463757810881361e-01
1.005835772948185e-01
1.061475029781306e-02
1.007435779787677e-01
2.009324346704673e-01
0.000000000000000e+00
0.000000000000000e+00
1.457444284635131e-01
4.988062327416005e-02
2.114302895979803e-02
0.000000000000000e+00
0.000000000000000e+00
2.911692901994684e-01
1.001194792506311e-01
2.126091961584565e-02
2.008530065226500e-01
0.000000000000000e+00
0.000000000000000e+00
2.910188880661736e-01
9.996978001168821e-02
5.334582780257734e-03
0.000000000000000e+00
0.000000000000000e+00
7.289361003786325e-02
1.003833945562658e-01
1.066405401439121e-02
2.008665922049656e-01
0.000000000000000e+00
0.000000000000000e+00
1.450690054829465e-01
1.001376756014643e-01
1.065542861677172e-02
0.000000000000000e+00
0.000000000000000e+00
1.456757994303189e-01
1.003578762111865e-01
2.122222456617932e-02
1.995602081986589e-01
0.000000000000000e+00
0.000000000000000e+00
2.923818584487891e-01
1.001124590639999e-01
2.119149089405323e-02
0.000000000000000e+00
0.000000000000000e+00
2.907155962588149e-01
1.000063196165978e-01
1.064770705996882e-02
1.004259118367883e-01
0.000000000000000e+00
0.000000000000000e+00
1.454468190859189e-01
1.004874597327598e-01
5.276765667385025e-03
0.000000000000000e+00
0.000000000000000e+00
7.313166965977871e-02
9.979253194311334e-02
1.066106570027893e-02
1.008312451673507e-01
0.000000000000000e+00
0.000000000000000e+00
1.454892186025973e-01
9.995676373899803e-02
1.061039125085727e-02
0.000000000000000e+00
0.000000000000000e+00
1.457350363962178e-01
1.002958092687774e-01
5.327330047040136e-03
2.004963005362957e-01
0.000000000000000e+00
0.000000000000000e+00
7.285149671151886e-02
5.024331389632530e-02
1.068873854797331e-02
0.000000000000000e+00
0.000000000000000e+00
1.455987827052013e-01
1.005715214286016e-01
2.123396603908253e-02
2.004194710668411e-01
0.000000000000000e+00
0.000000000000000e+00
2.905371819535504e-01
1.002972301121270e-01
2.131375017147123e-02
0.000000000000000e+00
0.000000000000000e+00
2.911513602026389e-01
9.978611565752253e-02
1.062043153651492e-02
2.004288372776025e-01
0.000000000000000e+00
0.000000000000000e+00
1.452660566406848e-01
1.000759769123439e-01
1.067106256199533e-02
0.000000000000000e+00
0.000000000000000e+00
1.455879178167379e-01
1.000452584982047e-01
1.997141141317250e-01
9.974271977190427e-02
2.005684958719007e-01
2.005593934148010e-01
1.996497882053328e-01
1.996021455921796e-01
1.998651729114914e-01
1.998789499314769e-01
1.000087921600637e-01
4.964913270168309e-02
1.002041655105088e-01
1.001242201838703e-01
1.002730915835247e-01
1.008107377549143e-01
1.002447058374088e-01
1.000560279873084e-01
1.003292288325563e-01
1.003048421901861e-01
9.987753942699844e-02
1.000935142396864e-01
1.001223903091932e-01
5.014182050330643e-02
5.306760157843696e-03
1.002839397297469e-01
0.000000000000000e+00
0.000000000000000e+00
7.290100197460561e-02
5.035893697925324e-02
2.126188106549142e-02
0.000000000000000e+00
0.000000000000000e+00
2.906506207087660e-01
1.003541554601348e-01
2.144178426777427e-02
1.001686781022327e-01
0.000000000000000e+00
0.000000000000000e+00
2.915619433377288e-01
1.005848969133526e-01
1.062165518355978e-02
0.000000000000000e+00
0.000000000000000e+00
1.457407730100385e-01
5.006418653321744e-02
1.056925497700944e-02
1.006540123348591e-01
0.000000000000000e+00
0.000000000000000e+00
1.453937817612314e-01
9.998062343347243e-02
2.120352713722165e-02
0.000000000000000e+00
0.000000000000000e+00
2.908561290125363e-01
2.002006395154669e-01
2.130073550042872e-02
1.004306181882171e-01
0.000000000000000e+00
0.000000000000000e+00
2.932928037596867e-01
1.996314882080763e-01
1.065006924941965e-02
0.000000000000000e+00
0.000000000000000e+00
1.456373341687140e-01
2.004272270895575e-01
1.062745822552147e-02
1.001771525416692e-01
0.000000000000000e+00
0.000000000000000e+00
1.458374403220660e-01
2.006961917481420e-01
2.118911890163213e-02
0.000000000000000e+00
0.000000000000000e+00
2.918936965521425e-01
2.000780285560132e-01
2.131098692924344e-02
