6.863469562287952e-03
1.366733343174598e-02
9.018515600425612e-03
9.113704874096474e-03
0.000000000000000e+00
2.753734435727907e-02
4.398209555702324e-02
4.546572197851778e-03
4.520802522375218e-03
0.000000000000000e+00
1.382121206618001e-02
4.404199463425668e-02
1.375860238675657e-02
4.531677486531246e-03
4.530175570111894e-03
0.000000000000000e+00
2.733015423470748e-02
4.384276531897539e-02
4.530505551104131e-03
4.526659955566220e-03
0.000000000000000e+00
2.729917489759693e-02
8.811041363614044e-02
6.832870981131516e-03
9.059768873030781e-03
9.043755221734305e-03
0.000000000000000e+00
2.715863144637516e-02
8.777841060640262e-02
9.030576890568786e-03
9.111236671042728e-03
0.000000000000000e+00
2.753473104649738e-02
4.377309667518711e-02
1.368599534219411e-02
4.598690731614952e-03
4.516748823497557e-03
0.000000000000000e+00
1.371902381769720e-02
4.393560264746697e-02
4.544636288510343e-03
4.608439942620099e-03
0.000000000000000e+00
1.354159885504705e-02
8.782347142574690e-02
2.710460725677956e-02
9.063245127749631e-03
9.106993984561725e-03
0.000000000000000e+00
2.730301690201841e-02
8.775579674839766e-02
9.056641108625932e-03
9.122892879155695e-03
0.000000000000000e+00
2.742511571484585e-02
4.393232545759513e-02
2.753914005114662e-02
4.523279445154055e-03
4.534018131155537e-03
0.000000000000000e+00
2.743302791596130e-02
4.403372149591760e-02
4.540553905384880e-03
4.548033780470186e-03
0.000000000000000e+00
2.757945281783027e-02
4.401149853340121e-02
2.731597788674655e-02
4.529440646687876e-03
4.536936761955311e-03
0.000000000000000e+00
1.384136926577775e-02
8.769209226995191e-02
9.109727356034767e-03
9.077270129551222e-03
0.000000000000000e+00
2.746874436885296e-02
8.822336890847980e-02
2.734964401700912e-02
9.059329020945550e-03
9.039045410596675e-03
0.000000000000000e+00
2.737640080430576e-02
4.420558710267136e-02
4.573490808111751e-03
4.558028221028606e-03
0.000000000000000e+00
2.758696162027651e-02
4.402841607005286e-02
2.733100700544880e-02
4.564769491505515e-03
4.523735954483841e-03
0.000000000000000e+00
2.763701575798645e-02
8.816265872001246e-02
9.098221539032890e-03
9.079263448975300e-03
0.000000000000000e+00
2.759428517761133e-02
8.797630677529873e-02
2.737777945678616e-02
9.056546628661863e-03
9.069572615038603e-03
0.000000000000000e+00
2.729327336892171e-02
4.396616152420413e-02
4.532075469775927e-03
4.585851064636257e-03
0.000000000000000e+00
1.372443244762628e-02
4.402954708868449e-02
1.375212918225648e-02
2.721920024218724e-02
4.537891920386937e-03
4.577387228137304e-03
0.000000000000000e+00
6.835242859850501e-03
8.775974616408054e-02
9.108988293544113e-03
9.085352809163231e-03
0.000000000000000e+00
1.371156663660485e-02
8.761081246729834e-02
2.749057466049288e-02
9.076742279048075e-03
9.049284814071102e-03
0.000000000000000e+00
1.374198779316690e-02
2.206771001177036e-02
2.287494706896784e-03
2.266440978303627e-03
0.000000000000000e+00
1.377624810137844e-02
4.409163993611215e-02
2.740064864722595e-02
4.516842107529435e-03
4.532662493429718e-03
0.000000000000000e+00
1.374550824370023e-02
4.417483400049550e-02
4.550375077643945e-03
4.578218078009524e-03
0.000000000000000e+00
1.378859535610680e-02
8.804211326825612e-02
2.725119512461420e-02
9.082265317433289e-03
9.005693399157555e-03
0.000000000000000e+00
1.375289256716574e-02
8.829519510756320e-02
9.130269454728550e-03
9.131481384651981e-03
0.000000000000000e+00
1.365545063758460e-02
4.392127459542702e-02
1.372965658706099e-02
4.525426345690590e-03
4.521945739987035e-03
0.000000000000000e+00
1.365526251250168e-02
2.203087104752513e-02
2.271552226170617e-03
2.271257109883751e-03
0.000000000000000e+00
1.367458933134976e-02
4.391261244228736e-02
1.374602278574149e-02
4.503866637718583e-03
4.532759358221689e-03
0.000000000000000e+00
1.378390645083312e-02
4.395471726162619e-02
4.540141624517964e-03
4.560147801106350e-03
0.000000000000000e+00
1.374653844503619e-02
2.195659054799299e-02
2.744945104435373e-02
2.271412595534198e-03
2.268022743082509e-03
0.000000000000000e+00
6.875263562515872e-03
4.417844727286122e-02
4.572765929608212e-03
4.523993791679583e-03
0.000000000000000e+00
1.372857662309448e-02
8.804100565079039e-02
2.743522145794552e-02
9.108789323461401e-03
9.089669985955812e-03
0.000000000000000e+00
1.370809385685958e-02
8.792751598955893e-02
9.092209202175263e-03
9.040078409539744e-03
0.000000000000000e+00
1.370092319746307e-02
4.392127201170941e-02
2.740335777748259e-02
4.522107274956464e-03
4.559245524239765e-03
0.000000000000000e+00
1.373458817529657e-02
4.376932721745164e-02
4.541714749070272e-03
4.548291789674437e-03
0.000000000000000e+00
1.368003149205875e-02
2.739203222968508e-02
1.366302668787869e-02
2.750363853427393e-02
2.747759112808064e-02
2.743526005765516e-02
2.724215345024299e-02
2.754384637873570e-02
2.747695890950452e-02
1.375057984906764e-02
6.885334652384993e-03
1.380103256351812e-02
1.373247709931429e-02
1.369932950664402e-02
1.377459581904743e-02
1.357506456381070e-02
1.377310048032798e-02
1.349973243562370e-02
1.358915234125584e-02
1.365799906623145e-02
1.357922930658367e-02
1.364463965694487e-02
6.833947826731837e-03
2.210979477907140e-02
1.356909187626181e-02
2.268698026744126e-03
2.248785932151401e-03
0.000000000000000e+00
6.912272165419575e-03
8.788891112461816e-02
9.019530196977738e-03
9.130027449858783e-03
0.000000000000000e+00
1.361875961477435e-02
8.781024470116364e-02
1.364546754784118e-02
9.095896705279907e-03
9.145354823064495e-03
0.000000000000000e+00
1.363844336936417e-02
4.389323739339351e-02
4.562316813387901e-03
4.549177430434641e-03
0.000000000000000e+00
6.825459741607111e-03
4.413404130829182e-02
1.374119711882723e-02
4.542846256652776e-03
4.558094115938539e-03
0.000000000000000e+00
1.382632212948838e-02
8.810886286914282e-02
9.044189487828340e-03
9.046338235453307e-03
0.000000000000000e+00
2.728904201674649e-02
8.811411627512171e-02
1.373874210861585e-02
9.129923170190896e-03
9.111074964195484e-03
0.000000000000000e+00
2.743156375143663e-02
4.396201025643093e-02
4.510135555844244e-03
4.523212640120003e-03
0.000000000000000e+00
2.748123535960863e-02
4.407743148494723e-02
1.358517652422029e-02
4.549104724413273e-03
4.505365604288535e-03
0.000000000000000e+00
2.713829265423535e-02
8.793141694734449e-02
9.170240010705046e-03
9.075250137166627e-03
0.000000000000000e+00
2.742947304307549e-02
8.804058124700835e-02
