0.000000000000000e+00
0.000000000000000e+00
0.000000000000000e+00
1.328941050959063e-05
0.000000000000000e+00
0.000000000000000e+00
0.000000000000000e+00
0.000000000000000e+00
1.971025548260341e-01
0.000000000000000e+00
0.000000000000000e+00
0.000000000000000e+00
2.544200078411119e-01
0.000000000000000e+00
0.000000000000000e+00
2.088736168509804e-01
0.000000000000000e+00
0.000000000000000e+00
0.000000000000000e+00
5.872065030591243e-06
0.000000000000000e+00
0.000000000000000e+00
1.452563456904617e-05
0.000000000000000e+00
0.000000000000000e+00
0.000000000000000e+00
2.529295652138275e-01
0.000000000000000e+00
0.000000000000000e+00
2.191972010264875e-01
0.000000000000000e+00
0.000000000000000e+00
1.294844250330521e-02
0.000000000000000e+00
0.000000000000000e+00
1.325842632702766e-02
0.000000000000000e+00
0.000000000000000e+00
0.000000000000000e+00
2.585783609132810e-01
0.000000000000000e+00
0.000000000000000e+00
1.936254478390980e-01
0.000000000000000e+00
0.000000000000000e+00
0.000000000000000e+00
0.000000000000000e+00
0.000000000000000e+00
2.015429921971396e-01
0.000000000000000e+00
0.000000000000000e+00
3.876607097874450e-01
0.000000000000000e+00
0.000000000000000e+00
0.000000000000000e+00
3.856814861182788e-01
0.000000000000000e+00
0.000000000000000e+00
1.918653751822899e-01
0.000000000000000e+00
0.000000000000000e+00
0.000000000000000e+00
0.000000000000000e+00
0.000000000000000e+00
0.000000000000000e+00
0.000000000000000e+00
0.000000000000000e+00
0.000000000000000e+00
1.625632495942530e-01
0.000000000000000e+00
0.000000000000000e+00
0.000000000000000e+00
0.000000000000000e+00
0.000000000000000e+00
0.000000000000000e+00
0.000000000000000e+00
0.000000000000000e+00
0.000000000000000e+00
2.037413055879679e-01
0.000000000000000e+00
0.000000000000000e+00
0.000000000000000e+00
0.000000000000000e+00
0.000000000000000e+00
1.637997140640691e-05
0.000000000000000e+00
0.000000000000000e+00
0.000000000000000e+00
0.000000000000000e+00
2.302467591302478e-05
0.000000000000000e+00
0.000000000000000e+00
2.864304467007889e-01
0.000000000000000e+00
0.000000000000000e+00
2.546376633604893e-01
0.000000000000000e+00
0.000000000000000e+00
0.000000000000000e+00
0.000000000000000e+00
2.050081107239523e-01
0.000000000000000e+00
1.678346784788815e-01
2.869036599059052e-01
6.702655338450799e-06
5.601642654223496e-06
5.640274796364752e-06
4.597209951260611e-06
4.423365685713681e-06
1.286489868795396e-02
4.376432232836887e-01
2.218352506443166e-01
1.160892167866401e-05
0.000000000000000e+00
2.890228224920129e-01
8.808099229286107e-06
2.362272866992065e-01
7.996827237029499e-06
1.097149245559946e-05
9.464844149332571e-06
1.490370457489859e-02
4.370187936735802e-01
1.796405291028362e-01
2.364358957118651e-01
2.332720945043707e-01
2.884119749001220e-01
2.378230757746509e-01
2.313894649719861e-01
2.415741889468001e-01
2.182268712448431e-01
2.255991367974970e-01
1.612933308909155e+00
1.633781265580027e+00
2.185406796079915e-01
1.612484759080080e+00
1.641124283212585e+00
1.630473038976650e+00
1.622497109101667e+00
1.629411582188300e+00
1.638942922828250e+00
0.000000000000000e+00
2.566099489228765e-01
0.000000000000000e+00
0.000000000000000e+00
1.626829527750271e+00
0.000000000000000e+00
0.000000000000000e+00
0.000000000000000e+00
0.000000000000000e+00
0.000000000000000e+00
0.000000000000000e+00
0.000000000000000e+00
0.000000000000000e+00
1.634386033134882e+00
0.000000000000000e+00
1.633271523120138e+00
0.000000000000000e+00
1.628845648418385e+00
0.000000000000000e+00
1.627398501538704e+00
0.000000000000000e+00
1.615509087179922e+00
0.000000000000000e+00
1.632076403582110e+00
0.000000000000000e+00
1.648214881243034e+00
0.000000000000000e+00
0.000000000000000e+00
0.000000000000000e+00
0.000000000000000e+00
0.000000000000000e+00
0.000000000000000e+00
0.000000000000000e+00
0.000000000000000e+00
0.000000000000000e+00
0.000000000000000e+00
0.000000000000000e+00
2.846582630024656e-01
2.895953756570883e-01
0.000000000000000e+00
0.000000000000000e+00
0.000000000000000e+00
0.000000000000000e+00
0.000000000000000e+00
0.000000000000000e+00
0.000000000000000e+00
0.000000000000000e+00
0.000000000000000e+00
0.000000000000000e+00
0.000000000000000e+00
0.000000000000000e+00
0.000000000000000e+00
0.000000000000000e+00
0.000000000000000e+00
0.000000000000000e+00
0.000000000000000e+00
0.000000000000000e+00
0.000000000000000e+00
0.000000000000000e+00
0.000000000000000e+00
0.000000000000000e+00
0.000000000000000e+00
0.000000000000000e+00
0.000000000000000e+00
0.000000000000000e+00
0.000000000000000e+00
0.000000000000000e+00
1.516996698713471e-01
0.000000000000000e+00
0.000000000000000e+00
0.000000000000000e+00
0.000000000000000e+00
1.328941050959063e-05
0.000000000000000e+00
0.000000000000000e+00
0.000000000000000e+00
0.000000000000000e+00
0.000000000000000e+00
2.271562176860451e-05
0.000000000000000e+00
0.000000000000000e+00
0.000000000000000e+00
0.000000000000000e+00
0.000000000000000e+00
0.000000000000000e+00
0.000000000000000e+00
0.000000000000000e+00
0.000000000000000e+00
2.049631601275592e-01
0.000000000000000e+00
0.000000000000000e+00
0.000000000000000e+00
1.174413080935993e-05
0.000000000000000e+00
0.000000000000000e+00
0.000000000000000e+00
0.000000000000000e+00
1.931600523101306e-05
0.000000000000000e+00
0.000000000000000e+00
0.000000000000000e+00
2.584502633587928e-01
0.000000000000000e+00
0.000000000000000e+00
0.000000000000000e+00
2.093720082739837e-01
0.000000000000000e+00
0.000000000000000e+00
1.128054660001974e-05
0.000000000000000e+00
0.000000000000000e+00
