0.000000000000000e+00
1.879297983188959e-02
0.000000000000000e+00
1.113160657203166e-04
9.771980952042394e-02
4.892371190474371e-02
8.824644367293671e-03
8.941782839446530e-03
2.530353206609833e-02
4.887489279998201e-02
4.865469244409916e-02
0.000000000000000e+00
2.921728184866973e-02
9.800091663225512e-02
4.869977859327808e-02
2.919913859125983e-02
9.785390007322571e-02
9.767523563603007e-02
0.000000000000000e+00
1.079687881806916e-04
9.743175773888738e-02
9.784729607421465e-02
1.089312985843191e-04
9.739259944729109e-02
4.883771619437690e-02
0.000000000000000e+00
2.934828125205574e-02
4.870071073125296e-02
4.880316814487864e-02
2.951706779090078e-02
2.440260679362814e-02
9.759517088267380e-02
1.956577929470634e-03
4.901264674805551e-02
9.779361721515777e-02
2.142910224697783e-03
4.885885341483177e-02
4.914243348447223e-02
0.000000000000000e+00
2.977039568631896e-02
4.894529909045005e-02
2.446154965303890e-02
2.434597365085687e-02
4.898104717999660e-02
4.881690971254123e-02
0.000000000000000e+00
8.914367560845324e-03
8.997316041084480e-03
2.507849903990016e-02
4.879065524530068e-02
4.880752496523437e-02
4.883138373190293e-02
4.881835308450188e-02
4.923197535871369e-02
0.000000000000000e+00
4.871915649926051e-02
4.883211661203599e-02
2.443115388191737e-02
2.447303569403050e-02
2.435105868486225e-02
0.000000000000000e+00
0.000000000000000e+00
1.885825667641837e-02
0.000000000000000e+00
0.000000000000000e+00
2.446504524235396e-02
2.537347811533135e-02
2.529989529695592e-02
1.972549878164876e-02
4.904313028882244e-02
0.000000000000000e+00
0.000000000000000e+00
0.000000000000000e+00
0.000000000000000e+00
0.000000000000000e+00
4.897313411851420e-02
8.901199719542407e-03
8.977301599294163e-03
2.920684695536467e-02
4.909953220603662e-02
9.784037651672162e-02
0.000000000000000e+00
4.205379566509149e-05
4.205918130957239e-05
1.199961242673855e-04
4.899108678710308e-02
9.783432942623001e-02
4.055169643524199e-05
4.273751571320223e-05
1.165381820169463e-04
4.893111722825513e-02
4.895969400791580e-02
3.293544076738353e-02
8.916737875617647e-03
8.914519604440807e-03
2.938680840609078e-02
2.450776185590270e-02
4.893933266353726e-02
8.853008391233866e-03
8.954123629416926e-03
2.934329163798733e-02
4.879666862816560e-02
2.212597688238563e-02
3.316979174061582e-02
1.282620005737899e-04
1.165158835020804e-04
1.146277901837789e-04
1.232135996443250e-04
1.201182647340922e-04
2.193477130085000e-03
5.455775459699831e-02
2.841717524911422e-02
1.358989088084203e-04
1.882361774692906e-02
3.318894895202407e-02
1.159476679844488e-04
3.293015571986085e-02
1.180122897115845e-04
1.222840706044697e-04
1.191326331672518e-04
2.232860934779483e-03
5.448659323477200e-02
2.207789467117632e-02
3.293873953629030e-02
3.297901585852223e-02
3.318463449762992e-02
3.294491097869760e-02
3.296627732843632e-02
3.340771499159478e-02
2.741710705030766e-02
2.823423156158992e-02
2.062825235313499e-01
2.064499064750127e-01
2.740044942220888e-02
2.059002798890394e-01
2.068473358598707e-01
2.062592166295088e-01
2.067740612152411e-01
2.059456471456511e-01
2.073365614955796e-01
2.534438537283683e-02
2.933895766718486e-02
9.840147544382653e-02
4.883425387117804e-02
2.075838933634154e-01
0.000000000000000e+00
0.000000000000000e+00
0.000000000000000e+00
0.000000000000000e+00
0.000000000000000e+00
0.000000000000000e+00
0.000000000000000e+00
0.000000000000000e+00
2.071204069476914e-01
0.000000000000000e+00
2.063946745585617e-01
0.000000000000000e+00
2.063872286467293e-01
0.000000000000000e+00
2.059897259791869e-01
0.000000000000000e+00
2.071491378359761e-01
0.000000000000000e+00
2.072502850914230e-01
0.000000000000000e+00
2.069597812616281e-01
0.000000000000000e+00
0.000000000000000e+00
0.000000000000000e+00
0.000000000000000e+00
0.000000000000000e+00
0.000000000000000e+00
0.000000000000000e+00
0.000000000000000e+00
0.000000000000000e+00
0.000000000000000e+00
0.000000000000000e+00
3.296421679109112e-02
3.302424085795490e-02
0.000000000000000e+00
0.000000000000000e+00
0.000000000000000e+00
0.000000000000000e+00
0.000000000000000e+00
0.000000000000000e+00
0.000000000000000e+00
0.000000000000000e+00
1.892225817858322e-02
0.000000000000000e+00
1.883364528914356e-02
0.000000000000000e+00
1.879643505174347e-02
0.000000000000000e+00
1.879016147514790e-02
0.000000000000000e+00
5.733152286413524e-02
0.000000000000000e+00
5.728423399065190e-02
0.000000000000000e+00
5.714196641806633e-02
0.000000000000000e+00
5.719990929806750e-02
1.881961547062809e-02
2.443770128220471e-02
5.701007664206248e-02
2.535063851516118e-02
2.540617356860270e-02
1.967668425498636e-02
2.450466570338971e-02
9.734140186355981e-02
4.164256692173216e-05
4.287918035000006e-05
1.111978689782871e-04
9.763145431773404e-02
9.790047057935351e-02
5.690118047560809e-02
4.199276086650198e-05
4.268696619213169e-05
1.073239715850196e-04
9.761984984456944e-02
4.862328764522836e-02
9.013732731421436e-03
8.977658848430834e-03
8.940985105624154e-03
9.007279055668248e-03
2.538004101073437e-02
5.718549652448196e-02
2.534211664221314e-02
2.946813597027646e-02
9.769348332163742e-02
9.786176449225754e-02
8.918600089305334e-03
1.123349611344999e-04
9.747119466773518e-02
9.786679323562492e-02
5.735340849319162e-02
8.913880000836425e-03
1.086664041208427e-04
9.786918776945835e-02
4.878405848912225e-02
2.554953210952747e-02
2.929069782018746e-02
4.890036647607123e-02
4.888694017572868e-02
0.000000000000000e+00
2.923721788394461e-02
4.882097698098173e-02
9.809037737246595e-02
1.074902789049168e-04
9.769173461791528e-02
9.814612151173407e-02
