0.000000000000000e+00
1.276733050603337e-02
0.000000000000000e+00
2.080212803344330e-05
1.103266698061888e-01
5.497548140284053e-02
6.920102589922873e-03
6.813529312905670e-03
5.770811247800984e-03
5.516684583131401e-02
5.454613016940886e-02
0.000000000000000e+00
5.789572751120566e-03
1.100088242944702e-01
5.515568982303495e-02
7.827079640659602e-03
1.102273853920764e-01
1.098505338457570e-01
0.000000000000000e+00
1.153523343420113e-04
1.094687033096515e-01
1.099060356866622e-01
2.032509138799764e-05
1.097878080588183e-01
5.492890881873196e-02
0.000000000000000e+00
5.742857721641619e-03
5.485804477446470e-02
5.488624642852281e-02
7.953017583505122e-03
2.737820411409858e-02
1.098208358774576e-01
6.197025908559830e-04
5.486997964390584e-02
1.095849729904951e-01
4.894875401892174e-04
5.508830946718491e-02
5.511210097244953e-02
0.000000000000000e+00
5.857801555018783e-03
5.503809399590094e-02
2.756055890519152e-02
5.643900512044341e-03
5.507369628835011e-02
5.530046067723565e-02
0.000000000000000e+00
6.543125606766372e-03
6.578849241861413e-03
5.787116605191611e-03
5.514898580379974e-02
5.485836540784303e-02
1.130578827298272e-02
5.507521929824419e-02
5.494873796178095e-02
0.000000000000000e+00
1.113417219137098e-02
5.511929950508351e-02
2.742211318321567e-02
5.556578785659873e-03
2.732646714684153e-02
0.000000000000000e+00
0.000000000000000e+00
1.274035482847109e-02
0.000000000000000e+00
0.000000000000000e+00
2.754698078766599e-02
1.705808393931155e-02
1.713122081311860e-02
4.283738654071664e-03
5.504078920625586e-02
0.000000000000000e+00
0.000000000000000e+00
0.000000000000000e+00
0.000000000000000e+00
0.000000000000000e+00
5.489385450102630e-02
6.864081540224450e-03
7.008059196137318e-03
7.887792274791529e-03
5.482419749895293e-02
1.095287883658401e-01
0.000000000000000e+00
4.369078153584493e-05
4.138146835136897e-05
1.245120562009578e-04
5.501467035188409e-02
1.097599005256646e-01
2.838322645592164e-05
2.684693903922106e-05
2.852193095919028e-05
5.500631494117813e-02
5.507402389869525e-02
6.614332033791154e-03
5.527407299145986e-03
5.605843462683606e-03
5.714796810514332e-03
2.741240187848020e-02
5.525051135433758e-02
6.401334758853171e-03
6.494947422527310e-03
7.728351075704766e-03
5.517959155359976e-02
5.400004549187104e-03
6.443441847224358e-03
1.268613422924132e-04
1.288588731479504e-04
1.318986590148089e-04
1.253932402544515e-04
1.310806411608910e-04
6.613115692789558e-04
1.267921062661536e-02
6.656322706198487e-03
2.954258614051382e-05
1.261554800357219e-02
6.508917343298059e-03
2.284828868580735e-05
8.742406232446915e-03
2.187597776990934e-05
2.227871568673712e-05
2.317269131735346e-05
5.536126576582598e-04
1.260642684120869e-02
4.878414742550768e-03
8.736245885930664e-03
8.703094270581782e-03
6.603755419186156e-03
8.822096177454086e-03
8.740590650952531e-03
8.793633407661768e-03
6.334767582820866e-03
6.662065547469329e-03
4.787809557118027e-02
4.766581206962074e-02
6.361783651182574e-03
4.797030218811396e-02
4.805404008212456e-02
4.811497950393695e-02
4.787434749039467e-02
4.816029838923171e-02
4.752047088174406e-02
1.704454059495531e-02
5.802885415257732e-03
1.097319399352377e-01
5.490902217362378e-02
4.853503117432176e-02
0.000000000000000e+00
0.000000000000000e+00
0.000000000000000e+00
0.000000000000000e+00
0.000000000000000e+00
0.000000000000000e+00
0.000000000000000e+00
0.000000000000000e+00
4.775665017965663e-02
0.000000000000000e+00
4.872758099385116e-02
0.000000000000000e+00
4.712432452517690e-02
0.000000000000000e+00
4.776674610629450e-02
0.000000000000000e+00
4.800854429280737e-02
0.000000000000000e+00
4.832586561904772e-02
0.000000000000000e+00
4.803257698904384e-02
0.000000000000000e+00
0.000000000000000e+00
0.000000000000000e+00
0.000000000000000e+00
0.000000000000000e+00
0.000000000000000e+00
0.000000000000000e+00
0.000000000000000e+00
0.000000000000000e+00
0.000000000000000e+00
0.000000000000000e+00
6.433856836751209e-03
6.490256869625191e-03
0.000000000000000e+00
0.000000000000000e+00
0.000000000000000e+00
0.000000000000000e+00
0.000000000000000e+00
0.000000000000000e+00
0.000000000000000e+00
0.000000000000000e+00
1.278966969873039e-02
0.000000000000000e+00
1.267378971999716e-02
0.000000000000000e+00
1.286013980368803e-02
0.000000000000000e+00
1.270272830743509e-02
0.000000000000000e+00
3.892353371370996e-02
0.000000000000000e+00
3.916861878799546e-02
0.000000000000000e+00
3.857331799146919e-02
0.000000000000000e+00
3.856938679395638e-02
1.278828222952064e-02
2.747421669175384e-02
3.824493939987733e-02
1.778372702313928e-02
1.780598145579092e-02
4.805790729343833e-03
2.770483629657923e-02
1.099256037780130e-01
2.778740665208525e-05
2.890559835680875e-05
1.168466336280968e-04
1.100423089077866e-01
1.096890249626676e-01
3.885136513219759e-02
1.506174819356089e-05
1.514646060422019e-05
1.996847993619501e-05
1.103978976871523e-01
5.485604023533406e-02
5.153601457266948e-03
5.196019261884130e-03
5.540478337357912e-03
5.307314646519322e-03
1.651630800082965e-02
3.881500984363638e-02
1.695123653677816e-02
7.674054848913484e-03
1.101434810251208e-01
1.093572584141586e-01
5.626541382745210e-03
1.198378910113627e-04
1.091985426560146e-01
1.098297954126739e-01
3.887498761559422e-02
5.084762801570556e-03
2.100147473574157e-05
1.100920695185488e-01
5.523042198389613e-02
1.634754341066534e-02
5.826498327209788e-03
5.494289879010945e-02
5.527777602599924e-02
0.000000000000000e+00
7.821160013262565e-03
5.477765878680595e-02
1.100062520295842e-01
1.129230544611675e-04
1.104284997733714e-01
1.099676316252141e-01
