1.982439071613528e-02
7.952156407580026e-04
7.555744136142606e-04
3.242857116448351e-03
3.242857118466261e-03
1.621428558224177e-03
1.250000037752903e-03
1.250000000500000e-03
1.621428558224177e-03
1.621428559233131e-03
1.621428558224177e-03
7.107008215437851e-04
1.621428558224177e-03
3.242857118466263e-03
1.621428558224176e-03
1.621428558224176e-03
3.242857118466260e-03
3.242857116448352e-03
7.555744136643252e-04
3.242857116448352e-03
3.242857118466260e-03
3.242857116448351e-03
3.242857116448351e-03
3.242857118466265e-03
1.621428558224177e-03
8.004480056847361e-04
1.621428558224177e-03
1.621428559233130e-03
1.621428558224179e-03
1.621428558224179e-03
8.107142796165659e-04
3.242857116448357e-03
3.242857116448357e-03
1.621428559233132e-03
3.242857116448356e-03
3.242857116448356e-03
1.621428559233132e-03
1.621428558224179e-03
8.004480057848651e-04
1.621428558224179e-03
1.621428559233133e-03
8.107142791120880e-04
8.107142791120880e-04
1.621428559233131e-03
1.621428558224176e-03
7.555744136142606e-04
1.250000037752903e-03
1.250000000500000e-03
1.621428558224176e-03
1.621428559233131e-03
1.621428558224176e-03
1.621428558224176e-03
1.621428559233131e-03
1.621428558224176e-03
7.107008215437851e-04
1.621428558224176e-03
1.621428559233134e-03
8.107142791120883e-04
8.107142791120883e-04
8.107142796165655e-04
7.555744136643252e-04
6.195122098667112e-04
7.952156407580026e-04
8.388004168910542e-04
6.195122098917434e-04
8.107142791120886e-04
1.250000037752903e-03
1.250000000500000e-03
8.107142791120886e-04
1.621428559233132e-03
8.836740089615297e-04
9.669000122383234e-04
8.836740090115943e-04
6.195122098667112e-04
8.388004168910542e-04
1.621428558224177e-03
1.250000037752903e-03
1.250000000500000e-03
1.621428558224177e-03
1.621428559233130e-03
3.242857116448354e-03
6.195122098917434e-04
1.250000037752903e-03
1.250000000500000e-03
3.242857116448354e-03
1.621428559233130e-03
3.242857116448352e-03
1.250000037752903e-03
1.250000000500000e-03
3.242857116448352e-03
1.621428559233133e-03
1.621428558224177e-03
1.621428559233133e-03
1.250000037752903e-03
1.250000000500000e-03
1.621428558224177e-03
8.107142796165652e-04
1.621428558224176e-03
1.250000037752903e-03
1.250000000500000e-03
1.621428558224176e-03
1.621428559233131e-03
8.107142796165655e-04
1.621428559233131e-03
3.242857118466263e-03
3.242857118466262e-03
3.242857118466264e-03
3.242857118466261e-03
3.242857118466261e-03
3.242857118466266e-03
1.621428559233131e-03
1.621428559233131e-03
3.242857118466261e-03
7.952156407580026e-04
1.621428559233131e-03
3.242857118466261e-03
1.621428559233131e-03
3.242857118466263e-03
3.242857118466260e-03
3.242857118466260e-03
3.242857118466265e-03
1.621428559233130e-03
8.107142796165659e-04
1.621428559233131e-03
1.621428559233132e-03
1.621428559233134e-03
1.621428559233130e-03
1.621428559233130e-03
1.621428559233133e-03
8.107142796165652e-04
1.621428559233131e-03
6.057999596234923e-03
6.057999596234923e-03
8.107142796165655e-04
6.057999596234923e-03
6.057999596234923e-03
6.057999596234923e-03
6.057999596234923e-03
6.057999596234923e-03
6.057999596234923e-03
1.250000037752903e-03
1.621428558224177e-03
3.242857118466264e-03
1.621428558224177e-03
6.057999596234923e-03
1.080800209796687e-03
1.080800209796687e-03
1.080800209796687e-03
1.080800209796687e-03
1.080800209796687e-03
1.080800209796687e-03
1.080800209796687e-03
1.080800209796687e-03
6.057999596234923e-03
1.080800209796687e-03
6.057999596234923e-03
1.080800209796687e-03
6.057999596234923e-03
1.080800209796687e-03
6.057999596234923e-03
1.080800209796687e-03
6.057999596234923e-03
1.080800209796687e-03
6.057999596234923e-03
1.080800209796687e-03
6.057999596234923e-03
1.080800209796687e-03
1.080800209796687e-03
1.080800209796687e-03
1.080800209796687e-03
1.080800209796687e-03
1.080800209796687e-03
1.080800209796687e-03
1.080800209796687e-03
1.080800209796687e-03
1.080800209796687e-03
1.080800209796687e-03
1.621428559233132e-03
1.621428559233132e-03
1.080800209796687e-03
1.080800209796687e-03
1.080800209796687e-03
1.080800209796687e-03
1.080800209796687e-03
1.080800209796687e-03
1.080800209796687e-03
6.195122098667112e-04
7.952156407580026e-04
8.388004168910542e-04
7.952156407580026e-04
6.195122098917434e-04
7.952156407580026e-04
8.836740089615297e-04
7.952156407580026e-04
9.669000122383234e-04
2.385646922274008e-03
8.836740090115943e-04
2.385646922274008e-03
6.195122098667112e-04
2.385646922274008e-03
8.388004168910542e-04
2.385646922274008e-03
7.952156407580026e-04
8.107142791120883e-04
2.385646922274008e-03
1.250000037752903e-03
1.250000000500000e-03
8.107142791120883e-04
8.107142796165655e-04
3.242857116448353e-03
1.250000037752903e-03
1.250000000500000e-03
3.242857116448353e-03
3.242857118466263e-03
3.242857116448352e-03
2.385646922274008e-03
1.250000037752903e-03
1.250000000500000e-03
3.242857116448352e-03
3.242857118466262e-03
1.621428558224177e-03
1.250000037752903e-03
1.250000000500000e-03
1.250000037752903e-03
1.250000037752903e-03
1.250000037752903e-03
2.385646922274008e-03
1.250000000500000e-03
1.621428558224177e-03
3.242857118466261e-03
3.242857116448354e-03
1.250000000500000e-03
3.242857116448354e-03
3.242857118466261e-03
3.242857116448354e-03
2.385646922274008e-03
1.250000000500000e-03
3.242857116448354e-03
3.242857118466266e-03
1.621428558224178e-03
1.250000000500000e-03
1.621428558224178e-03
1.621428559233131e-03
1.621428558224176e-03
6.195122098917434e-04
1.621428558224176e-03
1.621428559233131e-03
3.242857116448352e-03
3.242857116448352e-03
3.242857118466261e-03
3.242857116448351e-03